 print(scenarios)
  Scenario MTD Dose1 Dose2 Dose3 Dose4 Dose5 Attempt
1        1   1  0.29  0.34  0.38  0.43  0.52       1
2        2   4  0.16  0.20  0.26  0.31  0.36       1
3        3   1  0.32  0.37  0.42  0.48  0.52       1
4        4   5  0.15  0.18  0.22  0.26  0.29       1
5        5   2  0.23  0.28  0.32  0.39  0.43       1

print(scenarios)
  Scenario MTD Dose1 Dose2 Dose3 Dose4 Dose5 Attempt
1        1   2  0.22  0.32  0.44  0.59  0.67       1
2        2   4  0.06  0.09  0.18  0.29  0.44       3
3        3   3  0.21  0.29  0.30  0.39  0.46       1
4        4   4  0.09  0.15  0.23  0.28  0.39       1
5        5   3  0.13  0.20  0.32  0.39  0.46       1
print(scenarios)
  Scenario MTD Dose1 Dose2 Dose3 Dose4 Dose5 Attempt
1        1   5  0.02  0.06  0.09  0.14  0.26       1
2        2   2  0.11  0.23  0.39  0.58  0.76       1
3        3   5  0.02  0.04  0.10  0.20  0.35       1
4        4   2  0.11  0.26  0.39  0.60  0.77       1
5        5   3  0.07  0.14  0.31  0.41  0.52       1
print(scenarios)
  Scenario MTD Dose1 Dose2 Dose3 Dose4 Dose5 Attempt
1        1   1  0.37  0.56  0.69  0.83  0.88       1
2        2   2  0.07  0.27  0.50  0.56  0.78       1
3        3   1  0.32  0.55  0.80  0.94  0.97       1
4        4   5  0.01  0.02  0.05  0.10  0.25       1
5        5   3  0.09  0.18  0.37  0.63  0.77       2
