print(scenarios)
  Scenario MTD Dose1 Dose2 Dose3 Dose4 Dose5 Dose6 Dose7 Dose8 Attempt
1        1   5  0.11  0.14  0.19  0.24  0.30  0.34  0.37  0.41       1
2        2   2  0.24  0.28  0.34  0.39  0.46  0.52  0.56  0.61       1
3        3   4  0.13  0.17  0.23  0.29  0.36  0.40  0.47  0.52       1
4        4   8  0.07  0.09  0.10  0.13  0.18  0.20  0.27  0.32       1
5        5   8  0.07  0.08  0.10  0.13  0.16  0.20  0.24  0.31       1
print(scenarios)
  Scenario MTD Dose1 Dose2 Dose3 Dose4 Dose5 Dose6 Dose7 Dose8 Attempt
1        1   8  0.02  0.03  0.04  0.07  0.10  0.16  0.26  0.32       1
2        2   4  0.12  0.17  0.21  0.30  0.43  0.67  0.80  0.84       1
3        3   1  0.35  0.40  0.51  0.66  0.69  0.80  0.88  0.91       1
4        4   4  0.09  0.14  0.18  0.34  0.45  0.58  0.75  0.81       1
5        5   5  0.05  0.09  0.13  0.19  0.32  0.37  0.47  0.60       2
print(scenarios)
  Scenario MTD Dose1 Dose2 Dose3 Dose4 Dose5 Dose6 Dose7 Dose8 Attempt
1        1   8  0.00  0.01  0.02  0.04  0.06  0.08  0.17  0.28       9
2        2   3  0.09  0.17  0.27  0.48  0.66  0.77  0.90  0.97       1
3        3   8  0.00  0.01  0.02  0.03  0.05  0.07  0.13  0.28      13
4        4   5  0.04  0.07  0.13  0.19  0.31  0.49  0.68  0.83       1
5        5   4  0.06  0.08  0.17  0.31  0.54  0.75  0.92  0.96       1
print(scenarios)
  Scenario MTD Dose1 Dose2 Dose3 Dose4 Dose5 Dose6 Dose7 Dose8 Attempt
1        1   6  0.00  0.01  0.02  0.03  0.16  0.36  0.71  0.84       3
2        2   1  0.32  0.51  0.67  0.80  0.94  0.98  0.99  1.00       2
3        3   2  0.12  0.30  0.40  0.59  0.76  0.90  0.95  0.98       1
4        4   8  0.00  0.01  0.02  0.04  0.09  0.12  0.17  0.40      67
5        5   1  0.21  0.39  0.59  0.78  0.90  0.96  0.99  1.00       2

 Scenario MTD Dose1 Dose2 Dose3 Dose4 Dose5 Dose6 Dose7 Dose8 Attempt
1         1   7  0.10  0.14  0.17  0.19  0.23  0.26  0.29  0.52       1
5         5   7  0.02  0.05  0.08  0.10  0.15  0.23  0.28  0.40       1
26       26   6  0.11  0.15  0.18  0.22  0.25  0.31  0.55  0.63       1
21       21   6  0.05  0.08  0.16  0.19  0.22  0.25  0.40  0.66       1
50       50   5  0.13  0.15  0.21  0.27  0.30  0.60  0.79  0.91       1
12       12   5  0.05  0.10  0.20  0.27  0.31  0.46  0.57  0.71       1
15       15   4  0.12  0.17  0.19  0.28  0.51  0.61  0.80  0.89       1
3         3   4  0.08  0.12  0.20  0.25  0.29  0.52  0.73  0.89       1
13       13   3  0.10  0.20  0.29  0.62  0.79  0.89  0.94  0.96       1
42       42   3  0.05  0.12  0.25  0.48  0.69  0.87  0.96  0.99       1

50       50   7  0.02  0.03  0.05  0.07  0.10  0.15  0.32  0.38       1
39       39   7  0.01  0.03  0.05  0.07  0.09  0.11  0.31  0.36       1
44       44   6  0.03  0.04  0.08  0.10  0.12  0.27  0.35  0.39       1
44       44   6  0.03  0.04  0.08  0.12  0.18  0.29  0.33  0.39       1
31       31   5  0.05  0.07  0.09  0.11  0.31  0.39  0.45  0.49       1
31       31   5  0.07  0.09  0.12  0.15  0.31  0.39  0.45  0.49       1
40       40   4  0.09  0.11  0.15  0.29  0.37  0.40  0.45  0.50       1
49       49   4  0.02  0.06  0.12  0.30  0.34  0.41  0.46  0.50       2
37       37   3  0.10  0.15  0.32  0.36  0.44  0.51  0.57  0.63       1
37       37   3  0.04  0.10  0.28  0.40  0.50  0.60  0.70  0.80       1






